Extracting features: C:\Users\15297\Desktop\OpenCV_SFM\image\fountain\0000.png :3766
Extracting features: C:\Users\15297\Desktop\OpenCV_SFM\image\fountain\0001.png :4405
Extracting features: C:\Users\15297\Desktop\OpenCV_SFM\image\fountain\0002.png :4382
Extracting features: C:\Users\15297\Desktop\OpenCV_SFM\image\fountain\0003.png :4583
Extracting features: C:\Users\15297\Desktop\OpenCV_SFM\image\fountain\0004.png :4546
Extracting features: C:\Users\15297\Desktop\OpenCV_SFM\image\fountain\0005.png :4195
Extracting features: C:\Users\15297\Desktop\OpenCV_SFM\image\fountain\0006.png :4784
Extracting features: C:\Users\15297\Desktop\OpenCV_SFM\image\fountain\0007.png :4277
Extracting features: C:\Users\15297\Desktop\OpenCV_SFM\image\fountain\0008.png :5190
Extracting features: C:\Users\15297\Desktop\OpenCV_SFM\image\fountain\0009.png :6472
Extracting features: C:\Users\15297\Desktop\OpenCV_SFM\image\fountain\0010.png :7360
img0---img1 :1233
img1---img0 :1156
img0---img2 :488
img2---img0 :557
img0---img3 :229
img3---img0 :226
img0---img4 :124
img4---img0 :136
img0---img5 :88
img5---img0 :81
img0---img6 :64
img6---img0 :52
img0---img7 :33
img7---img0 :39
img0---img8 :7
img8---img0 :10
img0---img9 :8
img9---img0 :8
img0---img10 :8
img10---img0 :7
img1---img2 :1574
img2---img1 :1612
img1---img3 :857
img3---img1 :859
img1---img4 :415
img4---img1 :434
img1---img5 :243
img5---img1 :270
img1---img6 :144
img6---img1 :145
img1---img7 :56
img7---img1 :60
img1---img8 :13
img8---img1 :16
img1---img9 :11
img9---img1 :7
img1---img10 :0
img10---img1 :10
img2---img3 :1747
img3---img2 :1636
img2---img4 :896
img4---img2 :892
img2---img5 :470
img5---img2 :509
img2---img6 :223
img6---img2 :244
img2---img7 :66
img7---img2 :69
img2---img8 :14
img8---img2 :15
img2---img9 :8
img9---img2 :8
img2---img10 :11
img10---img2 :12
img3---img4 :1649
img4---img3 :1662
img3---img5 :956
img5---img3 :944
img3---img6 :449
img6---img3 :482
img3---img7 :143
img7---img3 :143
img3---img8 :35
img8---img3 :34
img3---img9 :23
img9---img3 :23
img3---img10 :12
img10---img3 :15
img4---img5 :1843
img5---img4 :1820
img4---img6 :1013
img6---img4 :1037
img4---img7 :383
img7---img4 :387
img4---img8 :101
img8---img4 :104
img4---img9 :40
img9---img4 :41
img4---img10 :18
img10---img4 :17
img5---img6 :1772
img6---img5 :1811
img5---img7 :866
img7---img5 :792
img5---img8 :230
img8---img5 :214
img5---img9 :78
img9---img5 :87
img5---img10 :25
img10---img5 :24
img6---img7 :1699
img7---img6 :1729
img6---img8 :506
img8---img6 :529
img6---img9 :169
img9---img6 :168
img6---img10 :45
img10---img6 :36
img7---img8 :1062
img8---img7 :1219
img7---img9 :410
img9---img7 :436
img7---img10 :62
img10---img7 :72
img8---img9 :1669
img9---img8 :1659
img8---img10 :297
img10---img8 :286
img9---img10 :1523
img10---img9 :1558
max match is :4---5:1843
before init BA 3D size is:1756
before solve BA
Bundle Adjustment statistics (approximated RMSE):
 #views: 2
 #residuals: 6998
 Initial RMSE: 0.143011
 Final RMSE: 0.0647303
 Time (s): 68.1305

K: [2759.48, 0, 1520.69;
 0, 2764.16, 1006.81;
 0, 0, 1] ---> [2763.454367657855, 0, 1516.25944938119;
 0, 2755.818713774646, 1006.000981164481;
 0, 0, 1]
image 4
R: [1, 0, 0;
 0, 1, 0;
 0, 0, 1] ---> [1, 0, 0;
 0, 1, 0;
 0, 0, 1]
T: [0;
 0;
 0] ---> [0;
 0;
 0]
image 5
R: [0.980088563378919, -0.005048096905054752, -0.1984966615625659;
 0.004186115617090891, 0.9999798999268559, -0.004761951103883525;
 0.1985167105557789, 0.003836203841378414, 0.9800899954443982] ---> [0.9805438473627132, -0.004881400926978706, -0.1962394846204969;
 0.004343749494919744, 0.9999855411339945, -0.003170073071336218;
 0.1962521216177128, 0.002255980483585353, 0.9805508733934227]
T: [0.9998224498320755;
 0.01863427714262027;
 0.002798665245970902] ---> [0.9890714259391982;
 0.01138397659770496;
 -0.002344616821927898]
0 sees 155 points
1 sees 490 points
2 sees 957 points
3 sees 1764 points
6 sees 1906 points
7 sees 842 points
8 sees 217 points
9 sees 77 points
10 sees 23 points
register image 6
add match 5 --- 6 size:1772
solvePnPRansac is 1
after fusion structure size is 2473
0 sees 211 points
1 sees 623 points
2 sees 1188 points
3 sees 2222 points
7 sees 2048 points
8 sees 580 points
9 sees 195 points
10 sees 49 points
register image 3
add match 4 --- 3 size:1662
solvePnPRansac is 1
after fusion structure size is 3127
before add BA 3D size is:3127
before solve BA
Bundle Adjustment statistics (approximated RMSE):
 #views: 4
 #residuals: 16540
 Initial RMSE: 0.292149
 Final RMSE: 0.208998
 Time (s): 197.364

K: [2763.454367657855, 0, 1516.25944938119;
 0, 2755.818713774646, 1006.000981164481;
 0, 0, 1] ---> [2759.481582165836, 0, 1512.826495671546;
 0, 2744.179550891359, 1010.789427285391;
 0, 0, 1]
image 4
R: [1, 0, 0;
 0, 1, 0;
 0, 0, 1] ---> [1, 0, 0;
 0, 1, 0;
 0, 0, 1]
T: [0;
 0;
 0] ---> [0;
 0;
 0]
image 5
R: [0.9805438473627132, -0.004881400926978706, -0.1962394846204969;
 0.004343749494919744, 0.9999855411339945, -0.003170073071336218;
 0.1962521216177128, 0.002255980483585353, 0.9805508733934227] ---> [0.980608223425814, -0.004560643200781372, -0.1959252732121716;
 0.004034781763323364, 0.9999871076364552, -0.00308303373303811;
 0.1959368078891541, 0.00223273251238574, 0.980613982268118]
T: [0.9890714259391982;
 0.01138397659770496;
 -0.002344616821927898] ---> [0.9874813191989988;
 0.01109028665760575;
 -0.003758341081453485]
image 6
R: [0.9320572899064336, -0.01556473686430618, -0.3619764457787543;
 0.009611753022334449, 0.9997874219354046, -0.01824075501712701;
 0.3621834100785293, 0.01352220049038276, 0.9320087593782506] ---> [0.9322904487031918, -0.01494261088941495, -0.361401767616885;
 0.009013591885009001, 0.9997958069509386, -0.01808589407941964;
 0.3615982223658351, 0.01360377826668108, 0.9322347680701139]
T: [1.915103297925169;
 0.03518962831005484;
 0.1644413208255107] ---> [1.912489690212961;
 0.03443388187844802;
 0.1619024593625453]
image 3
R: [0.9838272507929567, 0.005765819112088205, 0.1790270815467294;
 -0.01295131521181373, 0.9991555255106542, 0.03899357993070845;
 -0.178651067815048, -0.04068158270636708, 0.9830711087185139] ---> [0.9838459174409714, 0.005493994539867052, 0.1789330231084504;
 -0.01264468424828407, 0.9991651623906216, 0.03884701050510952;
 -0.1785702178275944, -0.04048202426903581, 0.9830940356934766]
T: [-0.9247544444766211;
 0.007675086598678684;
 0.2117025246235281] ---> [-0.9240003588627231;
 0.008878053794242302;
 0.2126469725617293]
correspond struct idx max is :3126
structure size is 3127
0 sees 409 points
1 sees 1260 points
2 sees 2481 points
7 sees 2190 points
8 sees 613 points
9 sees 218 points
10 sees 63 points
register image 2
add match 3 --- 2 size:1636
solvePnPRansac is 1
after fusion structure size is 3771
0 sees 805 points
1 sees 2405 points
7 sees 2267 points
8 sees 629 points
9 sees 227 points
10 sees 73 points
register image 1
add match 2 --- 1 size:1612
solvePnPRansac is 1
after fusion structure size is 4430
before add BA 3D size is:4430
before solve BA
Bundle Adjustment statistics (approximated RMSE):
 #views: 6
 #residuals: 25596
 Initial RMSE: 0.324773
 Final RMSE: 0.239649
 Time (s): 284.435

K: [2759.481582165836, 0, 1512.826495671546;
 0, 2744.179550891359, 1010.789427285391;
 0, 0, 1] ---> [2758.403890050501, 0, 1513.800487624377;
 0, 2756.838985566606, 1007.781070990874;
 0, 0, 1]
image 4
R: [1, 0, 0;
 0, 1, 0;
 0, 0, 1] ---> [1, 0, 0;
 0, 1, 0;
 0, 0, 1]
T: [0;
 0;
 0] ---> [0;
 0;
 0]
image 5
R: [0.980608223425814, -0.004560643200781372, -0.1959252732121716;
 0.004034781763323364, 0.9999871076364552, -0.00308303373303811;
 0.1959368078891541, 0.00223273251238574, 0.980613982268118] ---> [0.9806168308600847, -0.004731477302183915, -0.1958781359837363;
 0.004224103681813649, 0.999986554580665, -0.003007923864723302;
 0.1958897342435521, 0.002122211212297688, 0.9806236323062794]
T: [0.9874813191989988;
 0.01109028665760575;
 -0.003758341081453485] ---> [0.9871007864307015;
 0.01065833527428384;
 -0.003672132413675662]
image 6
R: [0.9322904487031918, -0.01494261088941495, -0.361401767616885;
 0.009013591885009001, 0.9997958069509386, -0.01808589407941964;
 0.3615982223658351, 0.01360377826668108, 0.9322347680701139] ---> [0.9323425253930718, -0.01524442941938627, -0.3612547891936474;
 0.009367817257265829, 0.9997938671624295, -0.01801297266496506;
 0.3614549202092894, 0.01341009157581172, 0.932293146011717]
T: [1.912489690212961;
 0.03443388187844802;
 0.1619024593625453] ---> [1.91147994163003;
 0.03414915398609598;
 0.1618642665928474]
image 3
R: [0.9838459174409714, 0.005493994539867052, 0.1789330231084504;
 -0.01264468424828407, 0.9991651623906216, 0.03884701050510952;
 -0.1785702178275944, -0.04048202426903581, 0.9830940356934766] ---> [0.9838602491385829, 0.005632267773758127, 0.1788499027807683;
 -0.01275377442177936, 0.999169729986586, 0.03869356427794052;
 -0.178483476554453, -0.04035007110597742, 0.9831152121490027]
T: [-0.9240003588627231;
 0.008878053794242302;
 0.2126469725617293] ---> [-0.923569803985648;
 0.008921506894136552;
 0.2127015240506687]
image 2
R: [0.9322768995250756, 0.04054873778692575, 0.3594656902623659;
 -0.05467137512184966, 0.9980772144716273, 0.02920470330003609;
 -0.3575903009789248, -0.04687935383987583, 0.9327011862484992] ---> [0.9323561606116588, 0.04081530814925305, 0.3592298712386932;
 -0.05481573181522863, 0.9980790410918993, 0.02886976409040615;
 -0.3573614770999353, -0.04660835068693474, 0.9328024637248746]
T: [-1.778534819997959;
 0.06954347316844209;
 0.5483216729866699] ---> [-1.777574959541293;
 0.07039699253506357;
 0.5480554761939526]
image 1
R: [0.8878478701629026, 0.02389668535203087, 0.4595161671545233;
 -0.05688471773135195, 0.9966901095645135, 0.05807714167297207;
 -0.4566073678072028, -0.07770311400107521, 0.8862685471902485] ---> [0.8879389644977261, 0.02404140939248874, 0.4593325657528852;
 -0.05704004920018607, 0.9966799927049477, 0.05809840728372653;
 -0.4564108106891709, -0.07778819175227156, 0.8863623238326218]
T: [-2.396444301858114;
 0.0981709857646926;
 1.014260122566067] ---> [-2.395827475011655;
 0.09689883850182515;
 1.013943383578835]
correspond struct idx max is :4429
structure size is 4430
0 sees 1629 points
7 sees 2315 points
8 sees 642 points
9 sees 231 points
10 sees 80 points
register image 7
add match 6 --- 7 size:1699
solvePnPRansac is 1
after fusion structure size is 5150
0 sees 1664 points
8 sees 1554 points
9 sees 555 points
10 sees 131 points
register image 0
add match 1 --- 0 size:1156
solvePnPRansac is 1
after fusion structure size is 5613
before add BA 3D size is:5613
before solve BA
Bundle Adjustment statistics (approximated RMSE):
 #views: 8
 #residuals: 33644
 Initial RMSE: 0.349722
 Final RMSE: 0.327629
 Time (s): 248.088

K: [2758.403890050501, 0, 1513.800487624377;
 0, 2756.838985566606, 1007.781070990874;
 0, 0, 1] ---> [2757.77317990934, 0, 1513.664137197388;
 0, 2757.438775029049, 1007.656682377654;
 0, 0, 1]
image 4
R: [1, 0, 0;
 0, 1, 0;
 0, 0, 1] ---> [1, 0, 0;
 0, 1, 0;
 0, 0, 1]
T: [0;
 0;
 0] ---> [0;
 0;
 0]
image 5
R: [0.9806168308600847, -0.004731477302183915, -0.1958781359837363;
 0.004224103681813649, 0.999986554580665, -0.003007923864723302;
 0.1958897342435521, 0.002122211212297688, 0.9806236323062794] ---> [0.9806280906365873, -0.004736758077916075, -0.1958216305144877;
 0.004229391722681521, 0.9999865288893659, -0.003009033973460865;
 0.195833245645619, 0.002122536856835579, 0.9806349140924945]
T: [0.9871007864307015;
 0.01065833527428384;
 -0.003672132413675662] ---> [0.9868158303304265;
 0.01065845538282739;
 -0.003746246464904587]
image 6
R: [0.9323425253930718, -0.01524442941938627, -0.3612547891936474;
 0.009367817257265829, 0.9997938671624295, -0.01801297266496506;
 0.3614549202092894, 0.01341009157581172, 0.932293146011717] ---> [0.9323831743690704, -0.01526354507467885, -0.3611490555784535;
 0.009378433125324291, 0.9997932320201152, -0.0180426771540718;
 0.3613497767338033, 0.01343567633301322, 0.9323335355203657]
T: [1.91147994163003;
 0.03414915398609598;
 0.1618642665928474] ---> [1.910976784358389;
 0.03428007735907792;
 0.1617406733632648]
image 3
R: [0.9838602491385829, 0.005632267773758127, 0.1788499027807683;
 -0.01275377442177936, 0.999169729986586, 0.03869356427794052;
 -0.178483476554453, -0.04035007110597742, 0.9831152121490027] ---> [0.9838654793233245, 0.005637893407260593, 0.178820951663426;
 -0.0127552633536787, 0.9991703546027695, 0.03867694067211325;
 -0.1784545372151218, -0.04033381510475093, 0.9831211326720795]
T: [-0.923569803985648;
 0.008921506894136552;
 0.2127015240506687] ---> [-0.923416841480812;
 0.008969609941777808;
 0.2127391844442015]
image 2
R: [0.9323561606116588, 0.04081530814925305, 0.3592298712386932;
 -0.05481573181522863, 0.9980790410918993, 0.02886976409040615;
 -0.3573614770999353, -0.04660835068693474, 0.9328024637248746] ---> [0.9323745726056274, 0.04083669097677593, 0.3591796500757538;
 -0.05481506646547664, 0.9980806520491311, 0.02881528229198279;
 -0.3573135385720208, -0.04655509290344705, 0.9328234873103766]
T: [-1.777574959541293;
 0.07039699253506357;
 0.5480554761939526] ---> [-1.777281413759519;
 0.07063392315336181;
 0.5481357774227278]
image 1
R: [0.8879389644977261, 0.02404140939248874, 0.4593325657528852;
 -0.05704004920018607, 0.9966799927049477, 0.05809840728372653;
 -0.4564108106891709, -0.07778819175227156, 0.8863623238326218] ---> [0.8879607868931867, 0.0240982592497789, 0.4592873989575189;
 -0.05705371124891062, 0.9966843807971708, 0.0580096466778268;
 -0.4563666453332875, -0.07771434215182432, 0.8863915421816425]
T: [-2.395827475011655;
 0.09689883850182515;
 1.013943383578835] ---> [-2.39556108187566;
 0.09728818232280106;
 1.014039780790443]
image 7
R: [0.8443449093044703, -0.0269695489496628, -0.5351208438858251;
 0.0109852496826837, 0.9993938139327241, -0.03303526846285223;
 0.5356874073758268, 0.0220147246736216, 0.8441293464135159] ---> [0.844434498369548, -0.02700962362048411, -0.5349774370898737;
 0.01098351653482343, 0.9993910370601652, -0.03311974348235268;
 0.5355462074629034, 0.0220915204476145, 0.8442169297025578]
T: [2.798501245870041;
 0.06032172821484361;
 0.5037105199725749] ---> [2.797816289269623;
 0.06068037874544727;
 0.5035856349544254]
image 0
R: [0.8071302787060555, 0.03735008272689355, 0.5891907030123433;
 -0.06765734123832447, 0.9972734550270415, 0.02946421685686526;
 -0.5864837571258441, -0.06364453801169172, 0.8074566089944599] ---> [0.8072122360714955, 0.037425408639671, 0.5890736326849216;
 -0.06762544900808083, 0.9972802262876641, 0.02930783004729512;
 -0.5863746281882528, -0.06349400793601956, 0.8075477115151209]
T: [-3.072577311220659;
 0.1302907082164806;
 1.559654688393708] ---> [-3.072007181044909;
 0.1309676875918674;
 1.559809173751388]
correspond struct idx max is :5612
structure size is 5613
8 sees 1562 points
9 sees 559 points
10 sees 132 points
register image 8
add match 7 --- 8 size:1062
solvePnPRansac is 1
after fusion structure size is 6033
9 sees 1286 points
10 sees 274 points
register image 9
add match 8 --- 9 size:1669
solvePnPRansac is 1
after fusion structure size is 7107
before add BA 3D size is:7107
before solve BA
Bundle Adjustment statistics (approximated RMSE):
 #views: 10
 #residuals: 42050
 Initial RMSE: 0.344075
 Final RMSE: 0.312513
 Time (s): 511.073

K: [2757.77317990934, 0, 1513.664137197388;
 0, 2757.438775029049, 1007.656682377654;
 0, 0, 1] ---> [2757.034948992321, 0, 1516.385112603892;
 0, 2756.798622947521, 1003.608109035727;
 0, 0, 1]
image 4
R: [1, 0, 0;
 0, 1, 0;
 0, 0, 1] ---> [1, 0, 0;
 0, 1, 0;
 0, 0, 1]
T: [0;
 0;
 0] ---> [0;
 0;
 0]
image 5
R: [0.9806280906365873, -0.004736758077916075, -0.1958216305144877;
 0.004229391722681521, 0.9999865288893659, -0.003009033973460865;
 0.195833245645619, 0.002122536856835579, 0.9806349140924945] ---> [0.980636143395712, -0.005021853592958136, -0.1957741945519772;
 0.004509454663423846, 0.9999851414961086, -0.003062940686036183;
 0.1957866672800348, 0.002120795487203878, 0.9806442184308631]
T: [0.9868158303304265;
 0.01065845538282739;
 -0.003746246464904587] ---> [0.9865025552076195;
 0.01079354424373236;
 -0.002925855646818266]
image 6
R: [0.9323831743690704, -0.01526354507467885, -0.3611490555784535;
 0.009378433125324291, 0.9997932320201152, -0.0180426771540718;
 0.3613497767338033, 0.01343567633301322, 0.9323335355203657] ---> [0.9324067765010109, -0.01580454201730905, -0.361064841249625;
 0.009900358035556622, 0.9997854185093806, -0.01819614922972511;
 0.3612749452228338, 0.01339154164559664, 0.9323631698896051]
T: [1.910976784358389;
 0.03428007735907792;
 0.1617406733632648] ---> [1.910285250847571;
 0.03480849400122097;
 0.1630500866718583]
image 3
R: [0.9838654793233245, 0.005637893407260593, 0.178820951663426;
 -0.0127552633536787, 0.9991703546027695, 0.03867694067211325;
 -0.1784545372151218, -0.04033381510475093, 0.9831211326720795] ---> [0.983878363715018, 0.005900348574131927, 0.1787415768649319;
 -0.01301822436565638, 0.9991670197627442, 0.03867547611602432;
 -0.1783644898734725, -0.04037886210803217, 0.9831356245437536]
T: [-0.923416841480812;
 0.008969609941777808;
 0.2127391844442015] ---> [-0.9231768575121987;
 0.009174802382785237;
 0.212307908872428]
image 2
R: [0.9323745726056274, 0.04083669097677593, 0.3591796500757538;
 -0.05481506646547664, 0.9980806520491311, 0.02881528229198279;
 -0.3573135385720208, -0.04655509290344705, 0.9328234873103766] ---> [0.9324082076090755, 0.041357088568373, 0.359032763976185;
 -0.05532277623167894, 0.998055761132192, 0.02870693471725161;
 -0.3571474832800181, -0.04662927080695899, 0.9328833722876406]
T: [-1.777281413759519;
 0.07063392315336181;
 0.5481357774227278] ---> [-1.777184233614459;
 0.07129363919312687;
 0.5467977258556025]
image 1
R: [0.8879607868931867, 0.0240982592497789, 0.4592873989575189;
 -0.05705371124891062, 0.9966843807971708, 0.0580096466778268;
 -0.4563666453332875, -0.07771434215182432, 0.8863915421816425] ---> [0.8880230050568779, 0.0247953991136214, 0.4591299714378801;
 -0.05771764160406037, 0.9966577835889848, 0.05780948243288123;
 -0.4561620505230763, -0.07783604945196401, 0.8864861719554874]
T: [-2.39556108187566;
 0.09728818232280106;
 1.014039780790443] ---> [-2.395749921814093;
 0.09881639232139987;
 1.012598809070679]
image 7
R: [0.844434498369548, -0.02700962362048411, -0.5349774370898737;
 0.01098351653482343, 0.9993910370601652, -0.03311974348235268;
 0.5355462074629034, 0.0220915204476145, 0.8442169297025578] ---> [0.8444569623233985, -0.02783155520113684, -0.5348998441938679;
 0.01175245726171109, 0.9993714650583103, -0.03344479893074592;
 0.5354944617191197, 0.02195630575239019, 0.8442532807788535]
T: [2.797816289269623;
 0.06068037874544727;
 0.5035856349544254] ---> [2.796790015842245;
 0.06190562638116323;
 0.505540510333342]
image 0
R: [0.8072122360714955, 0.037425408639671, 0.5890736326849216;
 -0.06762544900808083, 0.9972802262876641, 0.02930783004729512;
 -0.5863746281882528, -0.06349400793601956, 0.8075477115151209] ---> [0.8072847768096693, 0.03831600604660224, 0.5889169489936584;
 -0.06845123291901326, 0.9972343161600555, 0.02895077519952303;
 -0.5861789128271585, -0.06368361134093341, 0.8076748602026359]
T: [-3.072007181044909;
 0.1309676875918674;
 1.559809173751388] ---> [-3.07280485886712;
 0.1333658981870569;
 1.557598476734507]
image 8
R: [0.6601910296614827, -0.02756951370935624, -0.7505915841976519;
 0.01090133483837729, 0.9995725712519288, -0.02712629166600417;
 0.7510186184464754, 0.009726084239670326, 0.6602093895364636] ---> [0.6601481131839871, -0.02860787848527933, -0.7505904728599965;
 0.01195453779134917, 0.9995480444302363, -0.02758252892476376;
 0.7510403169509722, 0.009235592252894071, 0.6601917495318472]
T: [3.645146706336938;
 0.0707917746810421;
 1.436437811385423] ---> [3.643422566421761;
 0.07267750293245913;
 1.439504169807008]
image 9
R: [0.5050451948823239, -0.02821013461955378, -0.8626317519260592;
 0.02380516321505803, 0.9995407671236007, -0.01875017499300296;
 0.8627645480260416, -0.01106540386567244, 0.5054848083837037] ---> [0.5050731519545291, -0.02917530772709721, -0.862583278642559;
 0.02520068299628504, 0.999500879338814, -0.01905040097894473;
 0.8627085468170802, -0.01211584169453408, 0.5055562971903278]
T: [4.143899613257265;
 0.1037124223522006;
 2.124458488565079] ---> [4.141354263649822;
 0.1049928003577308;
 2.127299252505627]
correspond struct idx max is :7106
structure size is 7107
10 sees 969 points
register image 10
add match 9 --- 10 size:1523
solvePnPRansac is 1
after fusion structure size is 8099
after remove error points size :8099
请按任意键继续. . .