0
0.677378 0.0413373 0.734473 
-0.0769347 0.996926 0.0148456 
-0.731601 -0.0665625 0.678475 
-4.00262 0.22291 2.43801 
1
0.782011 0.0282892 0.622622 
-0.0721749 0.996359 0.0453813 
-0.619071 -0.0804263 0.781206 
-3.38518 0.180255 1.73567 
2
0.844898 0.0450793 0.533024 
-0.0644567 0.997762 0.0177871 
-0.53103 -0.0493853 0.845913 
-2.7876 0.140658 1.14417 
3
0.930565 0.00983254 0.365994 
-0.0251962 0.998989 0.037225 
-0.365258 -0.043862 0.929873 
-1.9618 0.0257775 0.612138 
4
0.980894 0.00438418 0.194492 
-0.00492303 0.999985 0.00228729 
-0.194479 -0.00320108 0.980902 
-1.02951 -0.00731013 0.206596 
5
1 0 0 
0 1 0 
0 0 1 
0 0 0 
6
0.985289 -0.0107058 -0.17056 
0.0083395 0.999859 -0.0145839 
0.170693 0.0129469 0.985239 
0.999785 0.0207539 -0.000393995 
7
0.933404 -0.0228448 -0.358099 
0.0129235 0.999464 -0.0300746 
0.358594 0.0234438 0.933199 
2.00327 0.0492111 0.171141 
8
0.794495 -0.0244578 -0.606779 
0.0115914 0.999617 -0.0251148 
0.607161 0.0129201 0.794474 
3.06078 0.0656267 0.915724 
9
0.66373 -0.0255006 -0.747537 
0.0226356 0.999646 -0.0140028 
0.747629 -0.00762688 0.664072 
3.73377 0.0876081 1.50863 
10
0.489303 -0.0237553 -0.87179 
0.0385496 0.999241 -0.00559168 
0.871262 -0.0308712 0.489847 
4.25237 0.1144 2.20096 
