%YAML:1.0
---
Camera Count: 9
Point Count: 798
Rotations:
   - !!opencv-matrix
      rows: 3
      cols: 3
      dt: d
      data: [ 1., 0., 0., 0., 1., 0., 0., 0., 1. ]
   - !!opencv-matrix
      rows: 3
      cols: 3
      dt: d
      data: [ 9.9931199559240758e-01, 3.4776467731908928e-02,
          1.2889249676045496e-02, -3.1934072736527833e-02,
          9.8354338870217695e-01, -1.7782749376487467e-01,
          -1.8861348402966625e-02, 1.7729354142869924e-01,
          9.8397726076576186e-01 ]
   - !!opencv-matrix
      rows: 3
      cols: 3
      dt: d
      data: [ 9.8949080863184569e-01, -1.1217462540914658e-01,
          9.1240303854238924e-02, 1.3903944055936784e-01,
          9.1137123629111250e-01, -3.8738934372301365e-01,
          -3.9698534003590281e-02, 3.9600419578020490e-01,
          9.1739015872334218e-01 ]
   - !!opencv-matrix
      rows: 3
      cols: 3
      dt: d
      data: [ 9.9810939783169261e-01, -5.2564063605636091e-02,
          3.1853558314872479e-02, 5.0246026185784887e-02,
          9.9630484304732436e-01, 6.9656274469596047e-02,
          -3.5397271259149675e-02, -6.7924067440848682e-02,
          9.9706236226712364e-01 ]
   - !!opencv-matrix
      rows: 3
      cols: 3
      dt: d
      data: [ 9.2901193077424427e-01, -2.7631120723643388e-01,
          -2.4614822614566048e-01, 2.1346896262144655e-01,
          9.4350231011151997e-01, -2.5344504889926089e-01,
          3.0227112742773526e-01, 1.8290846773665173e-01,
          9.3550876957610396e-01 ]
   - !!opencv-matrix
      rows: 3
      cols: 3
      dt: d
      data: [ 8.5285718134407407e-01, -4.9662319529712629e-01,
          1.6124524837251375e-01, 3.4059424627618440e-01,
          2.9505774631390758e-01, -8.9271299180851837e-01,
          3.9576531888658351e-01, 8.1627588977810084e-01,
          4.2078912074050911e-01 ]
   - !!opencv-matrix
      rows: 3
      cols: 3
      dt: d
      data: [ 6.8272094117326620e-01, -7.3063165680935716e-01,
          -8.3365791247624055e-03, 5.5426183006012320e-01,
          5.2528344958133011e-01, -6.4565557484957981e-01,
          4.7611546942090943e-01, 4.3618193413293938e-01,
          7.6358325028391982e-01 ]
   - !!opencv-matrix
      rows: 3
      cols: 3
      dt: d
      data: [ 6.2316581865700238e-01, -7.7930383163597738e-01,
          6.5953775138595183e-02, 6.2575266345447822e-01,
          4.4623453831969084e-01, -6.3977210082203406e-01,
          4.6914599714499811e-01, 4.3995485542052681e-01,
          7.6572955967151257e-01 ]
   - !!opencv-matrix
      rows: 3
      cols: 3
      dt: d
      data: [ -3.1327185118678164e-01, 9.4909718794062115e-01,
          3.2791387546306561e-02, -7.2934038399944279e-01,
          -2.6256337516112926e-01, 6.3176188417119739e-01,
          6.0821324510532682e-01, 1.7399713177866233e-01,
          7.7446862209598044e-01 ]
Motions:
   - !!opencv-matrix
      rows: 3
      cols: 1
      dt: d
      data: [ 0., 0., 0. ]
   - !!opencv-matrix
      rows: 3
      cols: 1
      dt: d
      data: [ 3.9058396156999345e-03, 4.5444142969770578e+00,
          2.7504537089687804e+00 ]
   - !!opencv-matrix
      rows: 3
      cols: 1
      dt: d
      data: [ -1.2807048062489921e+00, 1.0575270600808258e+01,
          6.2081826745830275e+00 ]
   - !!opencv-matrix
      rows: 3
      cols: 1
      dt: d
      data: [ -5.3772170015177767e-01, -8.3641864026144708e-01,
          -1.0610952553410882e-01 ]
   - !!opencv-matrix
      rows: 3
      cols: 1
      dt: d
      data: [ 7.3138714308372883e+00, 7.0541897186430580e+00,
          1.5080943664744038e+00 ]
   - !!opencv-matrix
      rows: 3
      cols: 1
      dt: d
      data: [ -5.0647308345821465e+00, 2.1865209711489634e+01,
          1.4944912478773908e+01 ]
   - !!opencv-matrix
      rows: 3
      cols: 1
      dt: d
      data: [ 5.2187351837200211e+00, 1.4054133224882346e+01,
          1.2988375374644820e+01 ]
   - !!opencv-matrix
      rows: 3
      cols: 1
      dt: d
      data: [ 5.8704834846331089e+00, 1.4987329903906037e+01,
          1.3033317770445306e+01 ]
   - !!opencv-matrix
      rows: 3
      cols: 1
      dt: d
      data: [ 5.3282503982250615e+00, -2.0614248012004829e+01,
          1.9628343756313654e+01 ]
