Extracting features: C:\Users\15297\Desktop\OpenCV_SFM\image\cathedral\100_7100.JPG :34482
Extracting features: C:\Users\15297\Desktop\OpenCV_SFM\image\cathedral\100_7101.JPG :27469
Extracting features: C:\Users\15297\Desktop\OpenCV_SFM\image\cathedral\100_7102.JPG :27771
Extracting features: C:\Users\15297\Desktop\OpenCV_SFM\image\cathedral\100_7103.JPG :21722
Extracting features: C:\Users\15297\Desktop\OpenCV_SFM\image\cathedral\100_7104.JPG :22194
Extracting features: C:\Users\15297\Desktop\OpenCV_SFM\image\cathedral\100_7105.JPG :21288
Extracting features: C:\Users\15297\Desktop\OpenCV_SFM\image\cathedral\100_7106.JPG :21768
Extracting features: C:\Users\15297\Desktop\OpenCV_SFM\image\cathedral\100_7107.JPG :20718
Extracting features: C:\Users\15297\Desktop\OpenCV_SFM\image\cathedral\100_7108.JPG :20633
Extracting features: C:\Users\15297\Desktop\OpenCV_SFM\image\cathedral\100_7109.JPG :19462
Extracting features: C:\Users\15297\Desktop\OpenCV_SFM\image\cathedral\100_7110.JPG :57148
img0---img1 :1804
img1---img0 :1895
img0---img2 :649
img2---img0 :719
img0---img3 :390
img3---img0 :387
img0---img4 :241
img4---img0 :262
img0---img5 :147
img5---img0 :140
img0---img6 :77
img6---img0 :100
img0---img7 :87
img7---img0 :84
img0---img8 :69
img8---img0 :49
img0---img9 :17
img9---img0 :14
img0---img10 :35
img10---img0 :26
img1---img2 :2657
img2---img1 :2512
img1---img3 :1539
img3---img1 :1418
img1---img4 :917
img4---img1 :810
img1---img5 :372
img5---img1 :312
img1---img6 :236
img6---img1 :209
img1---img7 :205
img7---img1 :184
img1---img8 :111
img8---img1 :96
img1---img9 :28
img9---img1 :17
img1---img10 :47
img10---img1 :42
img2---img3 :2644
img3---img2 :2590
img2---img4 :1477
img4---img2 :1299
img2---img5 :679
img5---img2 :580
img2---img6 :419
img6---img2 :401
img2---img7 :255
img7---img2 :262
img2---img8 :162
img8---img2 :129
img2---img9 :31
img9---img2 :21
img2---img10 :61
img10---img2 :44
img3---img4 :1657
img4---img3 :1821
img3---img5 :897
img5---img3 :828
img3---img6 :547
img6---img3 :533
img3---img7 :298
img7---img3 :319
img3---img8 :187
img8---img3 :167
img3---img9 :37
img9---img3 :23
img3---img10 :56
img10---img3 :42
img4---img5 :1485
img5---img4 :1573
img4---img6 :984
img6---img4 :913
img4---img7 :515
img7---img4 :554
img4---img8 :335
img8---img4 :278
img4---img9 :36
img9---img4 :33
img4---img10 :62
img10---img4 :47
img5---img6 :1403
img6---img5 :1517
img5---img7 :766
img7---img5 :881
img5---img8 :353
img8---img5 :389
img5---img9 :82
img9---img5 :62
img5---img10 :45
img10---img5 :32
img6---img7 :1332
img7---img6 :1355
img6---img8 :607
img8---img6 :608
img6---img9 :141
img9---img6 :94
img6---img10 :59
img10---img6 :46
img7---img8 :1318
img8---img7 :1309
img7---img9 :196
img9---img7 :155
img7---img10 :141
img10---img7 :129
img8---img9 :523
img9---img8 :398
img8---img10 :263
img10---img8 :298
img9---img10 :174
img10---img9 :230
max match is :1---2:2657
before init BA 3D size is:1963
before solve BA
Bundle Adjustment statistics (approximated RMSE):
 #views: 2
 #residuals: 7838
 Initial RMSE: 0.178028
 Final RMSE: 0.142047
 Time (s): 276.447

K: [2955.1304347826, 0, 1416;
 0, 2955.1304347826, 1064;
 0, 0, 1] ---> [3050.59791065894, 0, 1454.377523132254;
 0, 3790.249798693158, 1089.266631426772;
 0, 0, 1]
image 1
R: [1, 0, 0;
 0, 1, 0;
 0, 0, 1] ---> [1, 0, 0;
 0, 1, 0;
 0, 0, 1]
T: [0;
 0;
 0] ---> [0;
 0;
 0]
image 2
R: [0.9910218069043916, 0.01592254190283514, 0.1327488263575509;
 -0.01045903554575323, 0.9990732210993477, -0.04175293352120883;
 -0.133290610379754, 0.03998964292821661, 0.9902698832354068] ---> [0.9918439441876997, 0.01151094749616587, 0.1269373407076405;
 -0.007124649769136077, 0.9993634951628632, -0.03495488380088253;
 -0.1272589083084333, 0.03376540572252262, 0.9912946421889605]
T: [-0.9438591026484184;
 0.07306791845439169;
 0.3221662205142939] ---> [-0.9436381261833295;
 0.07331698156045161;
 0.3116423878230145]
0 sees 804 points
3 sees 1396 points
4 sees 786 points
5 sees 328 points
6 sees 217 points
7 sees 181 points
8 sees 95 points
9 sees 10 points
10 sees 34 points
register image 3
add match 2 --- 3 size:2644
solvePnPRansac is 1
after fusion structure size is 3808
0 sees 1155 points
4 sees 2057 points
5 sees 893 points
6 sees 595 points
7 sees 390 points
8 sees 200 points
9 sees 26 points
10 sees 55 points
register image 4
add match 2 --- 4 size:1477
solvePnPRansac is 1
after fusion structure size is 4367
add match 3 --- 4 size:1657
solvePnPRansac is 1
after fusion structure size is 5254
before add BA 3D size is:5254
before solve BA
Bundle Adjustment statistics (approximated RMSE):
 #views: 4
 #residuals: 24608
 Initial RMSE: 0.714553
 Final RMSE: 0.337713
 Time (s): 1592.28

K: [3050.59791065894, 0, 1454.377523132254;
 0, 3790.249798693158, 1089.266631426772;
 0, 0, 1] ---> [3283.062423638299, 0, 1543.126328318848;
 0, 4578.198841313709, 1327.534524188205;
 0, 0, 1]
image 1
R: [1, 0, 0;
 0, 1, 0;
 0, 0, 1] ---> [1, 0, 0;
 0, 1, 0;
 0, 0, 1]
T: [0;
 0;
 0] ---> [0;
 0;
 0]
image 2
R: [0.9918439441876997, 0.01151094749616587, 0.1269373407076405;
 -0.007124649769136077, 0.9993634951628632, -0.03495488380088253;
 -0.1272589083084333, 0.03376540572252262, 0.9912946421889605] ---> [0.9925900203180688, 0.003858374454266437, 0.1214502552963417;
 -0.0002004761302323932, 0.9995463809362342, -0.03011631064054556;
 -0.1215113631488722, 0.02986880151340685, 0.9921405360743284]
T: [-0.9436381261833295;
 0.07331698156045161;
 0.3116423878230145] ---> [-0.9074903548069557;
 0.05633405877226698;
 0.291834508031576]
image 3
R: [0.9751759539527159, 0.01491232807217424, 0.2209286792244915;
 -0.01384617608162705, 0.9998838227994918, -0.006373720404207792;
 -0.220998059358735, 0.003156481481377617, 0.9752691394606572] ---> [0.9783467368041481, 0.002381891375828258, 0.2069589069794982;
 -0.0009882783713141201, 0.999976139824532, -0.006836891654017882;
 -0.2069702536369312, 0.006484317628073259, 0.978325747251069]
T: [-1.518419474166146;
 0.08046120071800127;
 0.4280504466267554] ---> [-1.430288519244223;
 0.06491168631824921;
 0.3630415418722905]
image 4
R: [0.9316237022624569, 0.02576134089392379, 0.3625101801303517;
 -0.01899474679904656, 0.9995726810689759, -0.02221834500181302;
 -0.3629276470273835, 0.01381334774508081, 0.9317149319653734] ---> [0.9389335174351481, 0.004986053715870272, 0.3440624784907576;
 0.001144800626391663, 0.9998442136525741, -0.0176135702511266;
 -0.3440967004613475, 0.01693185441137548, 0.9387815363745741]
T: [-2.394074557857666;
 0.1041699866456729;
 0.7903946255081138] ---> [-2.290402396624886;
 0.0640281228055775;
 0.6911798215077332]
correspond struct idx max is :5253
structure size is 5254
0 sees 1406 points
5 sees 1917 points
6 sees 1282 points
7 sees 771 points
8 sees 400 points
9 sees 56 points
10 sees 98 points
register image 5
add match 4 --- 5 size:1485
solvePnPRansac is 1
after fusion structure size is 5988
0 sees 1478 points
6 sees 1997 points
7 sees 1200 points
8 sees 616 points
9 sees 85 points
10 sees 116 points
register image 6
add match 5 --- 6 size:1403
solvePnPRansac is 1
after fusion structure size is 6850
before add BA 3D size is:6850
before solve BA
Bundle Adjustment statistics (approximated RMSE):
 #views: 6
 #residuals: 33540
 Initial RMSE: 0.53148
 Final RMSE: 0.382713
 Time (s): 1002.59

K: [3283.062423638299, 0, 1543.126328318848;
 0, 4578.198841313709, 1327.534524188205;
 0, 0, 1] ---> [3209.07645263716, 0, 1547.903076383022;
 0, 4283.503009995451, 1383.24211835652;
 0, 0, 1]
image 1
R: [1, 0, 0;
 0, 1, 0;
 0, 0, 1] ---> [1, 0, 0;
 0, 1, 0;
 0, 0, 1]
T: [0;
 0;
 0] ---> [0;
 0;
 0]
image 2
R: [0.9925900203180688, 0.003858374454266437, 0.1214502552963417;
 -0.0002004761302323932, 0.9995463809362342, -0.03011631064054556;
 -0.1215113631488722, 0.02986880151340685, 0.9921405360743284] ---> [0.9927719071005625, 0.002313375809937606, 0.1199941197070681;
 0.00147402628627842, 0.9995037713862522, -0.0314648729723459;
 -0.120007365267385, 0.03141431643407983, 0.9922758552965804]
T: [-0.9074903548069557;
 0.05633405877226698;
 0.291834508031576] ---> [-0.8991840429875929;
 0.05177504656293366;
 0.2980048100658788]
image 3
R: [0.9783467368041481, 0.002381891375828258, 0.2069589069794982;
 -0.0009882783713141201, 0.999976139824532, -0.006836891654017882;
 -0.2069702536369312, 0.006484317628073259, 0.978325747251069] ---> [0.9789679443945376, -0.000480661603019502, 0.2040135603639055;
 0.001881191272377595, 0.9999759791037853, -0.006671007032119818;
 -0.2040054532784118, 0.006914490570479101, 0.9789453329235603]
T: [-1.430288519244223;
 0.06491168631824921;
 0.3630415418722905] ---> [-1.410651890967521;
 0.06181464516880157;
 0.3614559762432399]
image 4
R: [0.9389335174351481, 0.004986053715870272, 0.3440624784907576;
 0.001144800626391663, 0.9998442136525741, -0.0176135702511266;
 -0.3440967004613475, 0.01693185441137548, 0.9387815363745741] ---> [0.9401256096313511, 0.0003107647332103603, 0.3408280234085236;
 0.006111066347835066, 0.9998234584609517, -0.01776813944322721;
 -0.340773374815834, 0.01878710559032981, 0.9399577393054248]
T: [-2.290402396624886;
 0.0640281228055775;
 0.6911798215077332] ---> [-2.268293125370795;
 0.05691787972736892;
 0.6912067601461785]
image 5
R: [0.9033044138831977, 0.009857679426869407, 0.4288868872038988;
 -0.006848802832564281, 0.9999399230807443, -0.008558278392042207;
 -0.4289454857658411, 0.004793368918841183, 0.9033176594396428] ---> [0.9031264101668288, 0.004067399404952577, 0.4293554978351361;
 -0.0007315198127157759, 0.9999682557450394, -0.00793425365027701;
 -0.42937414004332, 0.006851551963162887, 0.9031007164750539]
T: [-3.043882651034404;
 0.06774146332245987;
 0.8877068925553965] ---> [-3.053458860505612;
 0.06018181315219301;
 0.8995701837444147]
image 6
R: [0.8552452888113399, 0.009117465500459162, 0.5181431923598495;
 -0.007643928751220073, 0.9999583908477204, -0.004978647053547837;
 -0.5181670255036056, 0.0002973147918728419, 0.8552793960365586] ---> [0.8538347120238793, 0.002586077848760711, 0.5205377956925504;
 -8.913391302920338e-06, 0.9999877317645832, -0.004953406996742836;
 -0.5205442195084397, 0.004224751079540021, 0.853824260029349]
T: [-3.717612967482681;
 0.01987824901810685;
 0.9848341961767528] ---> [-3.742983703436161;
 0.01722573003714448;
 1.01144411293733]
correspond struct idx max is :6849
structure size is 6850
0 sees 1522 points
7 sees 1915 points
8 sees 956 points
9 sees 154 points
10 sees 143 points
register image 7
add match 6 --- 7 size:1332
solvePnPRansac is 1
after fusion structure size is 7692
0 sees 1556 points
8 sees 1523 points
9 sees 241 points
10 sees 184 points
register image 0
add match 1 --- 0 size:1895
solvePnPRansac is 1
after fusion structure size is 9059
before add BA 3D size is:9059
before solve BA
Bundle Adjustment statistics (approximated RMSE):
 #views: 8
 #residuals: 44374
 Initial RMSE: 0.553724
 Final RMSE: 0.416599
 Time (s): 2163.99

K: [3209.07645263716, 0, 1547.903076383022;
 0, 4283.503009995451, 1383.24211835652;
 0, 0, 1] ---> [3245.765837579725, 0, 1416.215365345455;
 0, 3547.650199905803, 1359.420007214053;
 0, 0, 1]
image 1
R: [1, 0, 0;
 0, 1, 0;
 0, 0, 1] ---> [1, 0, 0;
 0, 1, 0;
 0, 0, 1]
T: [0;
 0;
 0] ---> [0;
 0;
 0]
image 2
R: [0.9927719071005625, 0.002313375809937606, 0.1199941197070681;
 0.00147402628627842, 0.9995037713862522, -0.0314648729723459;
 -0.120007365267385, 0.03141431643407983, 0.9922758552965804] ---> [0.9923834332732656, 0.004405008017458373, 0.123108558878464;
 7.581240574539233e-05, 0.9993384281020088, -0.03636894789632026;
 -0.1231873192225777, 0.03610127453390324, 0.9917265663275249]
T: [-0.8991840429875929;
 0.05177504656293366;
 0.2980048100658788] ---> [-0.9138066680702088;
 0.05370865509964335;
 0.3425208033855359]
image 3
R: [0.9789679443945376, -0.000480661603019502, 0.2040135603639055;
 0.001881191272377595, 0.9999759791037853, -0.006671007032119818;
 -0.2040054532784118, 0.006914490570479101, 0.9789453329235603] ---> [0.9783355570959966, 0.001308481176525878, 0.2070213167736033;
 0.0001913344608171239, 0.9999738842772536, -0.007224552206597391;
 -0.207025363452863, 0.007107646619833098, 0.9783097567982941]
T: [-1.410651890967521;
 0.06181464516880157;
 0.3614559762432399] ---> [-1.425908497697263;
 0.07093205272098806;
 0.4272648553686237]
image 4
R: [0.9401256096313511, 0.0003107647332103603, 0.3408280234085236;
 0.006111066347835066, 0.9998234584609517, -0.01776813944322721;
 -0.340773374815834, 0.01878710559032981, 0.9399577393054248] ---> [0.9388864880940673, 0.003134409659941559, 0.3442126347920316;
 0.004253567188817044, 0.99977655583797, -0.02070617209762927;
 -0.3442006241141335, 0.02090487677194216, 0.9386633669674079]
T: [-2.268293125370795;
 0.05691787972736892;
 0.6912067601461785] ---> [-2.278740220266856;
 0.06503612029837408;
 0.8051792056870382]
image 5
R: [0.9031264101668288, 0.004067399404952577, 0.4293554978351361;
 -0.0007315198127157759, 0.9999682557450394, -0.00793425365027701;
 -0.42937414004332, 0.006851551963162887, 0.9031007164750539] ---> [0.9007813210387563, 0.007917824360413286, 0.4342007827319874;
 -0.004992458185433329, 0.9999565101340488, -0.00787738546731059;
 -0.4342442711527, 0.004928072435703664, 0.900781675586892]
T: [-3.053458860505612;
 0.06018181315219301;
 0.8995701837444147] ---> [-3.068081137175139;
 0.06531790121700562;
 1.035380074551133]
image 6
R: [0.8538347120238793, 0.002586077848760711, 0.5205377956925504;
 -8.913391302920338e-06, 0.9999877317645832, -0.004953406996742836;
 -0.5205442195084397, 0.004224751079540021, 0.853824260029349] ---> [0.8514849475180333, 0.006014223361537236, 0.5243445558671984;
 -0.004845430041978074, 0.999981776187688, -0.003601263698333781;
 -0.5243566591146911, 0.000525746967827764, 0.8514985717147184]
T: [-3.742983703436161;
 0.01722573003714448;
 1.01144411293733] ---> [-3.749920355000875;
 0.007156447602872849;
 1.168308519344404]
image 7
R: [0.7597827122664554, 0.003791286489583665, 0.6501660220957277;
 -0.03052873242693369, 0.9990880749480091, 0.0298498742557798;
 -0.6494599499872438, -0.04252816294451335, 0.7592055905478645] ---> [0.7558695361979569, 0.007413802148428999, 0.6546802882213496;
 -0.04161333245929476, 0.9984581230849663, 0.0367383587994676;
 -0.6533984808748163, -0.05501283471472964, 0.7550125914229061]
T: [-4.339610455142918;
 -0.0142421191828278;
 1.063972384917205] ---> [-4.355706995859791;
 -0.01414951976918289;
 1.267567889147986]
image 0
R: [0.991306147720117, -0.01816728778338484, -0.1303152759537317;
 0.02081838144376525, 0.9996025241662521, 0.01901022552521223;
 0.1299181145428283, -0.02155790655544309, 0.9912903410094256] ---> [0.9891297820506773, -0.02119829130515759, -0.1455091292878947;
 0.02485825697579246, 0.9994175364676402, 0.02338065142545207;
 0.144928745666638, -0.02674360197682257, 0.9890806025965732]
T: [1.271262953654192;
 -0.06509042593269374;
 -0.2715815548412877] ---> [1.370204303501186;
 -0.08938512145053001;
 -0.3291657556817554]
correspond struct idx max is :9058
structure size is 9059
8 sees 1552 points
9 sees 245 points
10 sees 196 points
register image 8
add match 7 --- 8 size:1318
solvePnPRansac is 1
after fusion structure size is 9956
9 sees 428 points
10 sees 322 points
register image 9
add match 8 --- 9 size:523
solvePnPRansac is 1
after fusion structure size is 10303
before add BA 3D size is:10303
before solve BA
Bundle Adjustment statistics (approximated RMSE):
 #views: 10
 #residuals: 50524
 Initial RMSE: 0.623318
 Final RMSE: 0.482343
 Time (s): 1004.13

K: [3245.765837579725, 0, 1416.215365345455;
 0, 3547.650199905803, 1359.420007214053;
 0, 0, 1] ---> [3202.46982599542, 0, 1487.010499357476;
 0, 3403.361344736263, 1274.050745077378;
 0, 0, 1]
image 1
R: [1, 0, 0;
 0, 1, 0;
 0, 0, 1] ---> [1, 0, 0;
 0, 1, 0;
 0, 0, 1]
T: [0;
 0;
 0] ---> [0;
 0;
 0]
image 2
R: [0.9923834332732656, 0.004405008017458373, 0.123108558878464;
 7.581240574539233e-05, 0.9993384281020088, -0.03636894789632026;
 -0.1231873192225777, 0.03610127453390324, 0.9917265663275249] ---> [0.9925942606471114, 0.007291120720693845, 0.1212578792864632;
 -0.002658841737683821, 0.9992619859232046, -0.03831989104143219;
 -0.1214477842162144, 0.03771369840587838, 0.9918810980462942]
T: [-0.9138066680702088;
 0.05370865509964335;
 0.3425208033855359] ---> [-0.9052608454633404;
 0.06509736470883076;
 0.3168925160878692]
image 3
R: [0.9783355570959966, 0.001308481176525878, 0.2070213167736033;
 0.0001913344608171239, 0.9999738842772536, -0.007224552206597391;
 -0.207025363452863, 0.007107646619833098, 0.9783097567982941] ---> [0.9788944968227311, 0.006220129736937582, 0.2042715694271417;
 -0.004666688658278604, 0.9999564214121974, -0.008085622640123779;
 -0.2043129611824434, 0.006961699689548035, 0.9788808653918483]
T: [-1.425908497697263;
 0.07093205272098806;
 0.4272648553686237] ---> [-1.409636505490806;
 0.08364156788687743;
 0.3895954438788212]
image 4
R: [0.9388864880940673, 0.003134409659941559, 0.3442126347920316;
 0.004253567188817044, 0.99977655583797, -0.02070617209762927;
 -0.3442006241141335, 0.02090487677194216, 0.9386633669674079] ---> [0.9401153672153099, 0.01144034419707196, 0.3406643727340382;
 -0.003777811997674275, 0.9997249167754577, -0.02314776263085434;
 -0.3408354800517889, 0.02047460141142362, 0.9398999767182197]
T: [-2.278740220266856;
 0.06503612029837408;
 0.8051792056870382] ---> [-2.26036425424281;
 0.08702120322837635;
 0.7391103622257492]
image 5
R: [0.9007813210387563, 0.007917824360413286, 0.4342007827319874;
 -0.004992458185433329, 0.9999565101340488, -0.00787738546731059;
 -0.4342442711527, 0.004928072435703664, 0.900781675586892] ---> [0.9031921172232189, 0.01882913697671684, 0.4288233470632765;
 -0.01523674888276548, 0.999814178565672, -0.01180888743845838;
 -0.4289660136529732, 0.004131820393321769, 0.9033111796003161]
T: [-3.068081137175139;
 0.06531790121700562;
 1.035380074551133] ---> [-3.041780548295963;
 0.09832582918110928;
 0.9561409793106795]
image 6
R: [0.8514849475180333, 0.006014223361537236, 0.5243445558671984;
 -0.004845430041978074, 0.999981776187688, -0.003601263698333781;
 -0.5243566591146911, 0.000525746967827764, 0.8514985717147184] ---> [0.8547087966576373, 0.01963543992323226, 0.5187362744353575;
 -0.01709841373469833, 0.9998070246983977, -0.009672518363621405;
 -0.5188260952995817, -0.0006023809082720101, 0.8548795938454905]
T: [-3.749920355000875;
 0.007156447602872849;
 1.168308519344404] ---> [-3.722513926961159;
 0.04800339649055757;
 1.074521944116072]
image 7
R: [0.7558695361979569, 0.007413802148428999, 0.6546802882213496;
 -0.04161333245929476, 0.9984581230849663, 0.0367383587994676;
 -0.6533984808748163, -0.05501283471472964, 0.7550125914229061] ---> [0.7596634148823428, 0.02529381976557908, 0.6498243753284141;
 -0.05833760687419182, 0.9978651559143585, 0.02935735403957655;
 -0.6476945419821674, -0.06021090676679097, 0.7595172328478341]
T: [-4.355706995859791;
 -0.01414951976918289;
 1.267567889147986] ---> [-4.328344768996866;
 0.02685883231934395;
 1.155901231066212]
image 0
R: [0.9891297820506773, -0.02119829130515759, -0.1455091292878947;
 0.02485825697579246, 0.9994175364676402, 0.02338065142545207;
 0.144928745666638, -0.02674360197682257, 0.9890806025965732] ---> [0.9895001122827334, -0.02525211999371328, -0.1423090237064434;
 0.02898860123306318, 0.9992856892585146, 0.02424401455381976;
 0.1415951580775572, -0.0281147946632815, 0.9895253253606161]
T: [1.370204303501186;
 -0.08938512145053001;
 -0.3291657556817554] ---> [1.357158366996769;
 -0.09748542542645491;
 -0.3054202386354253]
image 8
R: [0.7004808596310161, 0.02149641586516796, 0.7133473693759192;
 -0.0487710456542912, 0.9986514087436611, 0.01779744139161669;
 -0.7120027741493565, -0.04725746416443379, 0.7005845999480488] ---> [0.7012027680008664, 0.04323647031196089, 0.7116496931657357;
 -0.06708679199809894, 0.9977320696341694, 0.005484483833575304;
 -0.7097985914943243, -0.05158803018607965, 0.7025130850412633]
T: [-5.089136095288271;
 -0.05853871414113952;
 1.164274255199822] ---> [-5.083622303894737;
 -0.004206111476785932;
 1.068731172494784]
image 9
R: [0.5929505723727415, 0.01344584173678478, 0.8051265913276169;
 -0.0510417337001649, 0.998477476630211, 0.02091578549918174;
 -0.8036195369350596, -0.05349708405283102, 0.5927340903424778] ---> [0.5894981899492789, 0.03639902281268644, 0.8069491899647743;
 -0.07149169944898136, 0.9974149454368231, 0.007236264862175459;
 -0.8045997893092069, -0.06195593399780661, 0.5905765329625272]
T: [-5.622802883487927;
 -0.1515897206611991;
 1.549752074690778] ---> [-5.649492424979841;
 -0.0982399849425524;
 1.439030836073409]
correspond struct idx max is :10302
structure size is 10303
10 sees 433 points
register image 10
add match 8 --- 10 size:263
solvePnPRansac is 1
after fusion structure size is 10463
after remove error points size :10463
请按任意键继续. . .